$ANSIBLE_VAULT;1.1;AES256
38333734333465643161343438656461303261386161303037643939363665386665386662333438
3830313037653230376533623563376339643332313666380a666538636662613930393163646131
32353734643638666562396332393735393139616461373966343166633233363166633766333738
3632653461613238390a333962393136346135376536663465653132303336636661613361623663
66656464383430656664653962396632306565316636363363666332653464326234353234306433
65616430376538613937636566643863373032663232623436633261613430613163613033633536
61643361623762343263663138643432356635383464636463663835363131623237613962343233
64646362363238333339373832323735333364306134643935333836303166353630343961376436
62383162303632626265383165343030666334353864663761386232343839303262643039383836
35366233366630333663346336663035366464336539616532336536333836663964356538306265
31363333383262623435373832393565323430323030343138396462646232643065666563616263
33653861333435393431323537633731623761386633663266623864306235333133663365306430
66363737663662306338616233613935333132643230623239346363636662333937333634643363
37396361663261306438303131666234356565366435623662656263656336313731376630313534
36306537636566646330613536323832373661643763626665363661303933373664313666373866
62393035386433353032356134316364663930376464326362323863653638346632376131333963
36353036373636306638376634336464333462346238376237336562336263613334323238373230
62313833616330663838636436393161653562343837616232666434383233323934646435373839
32333736373733343261656334373663316565373132366430323232396335353230316137373233
64663438333436373739326433393932323134643830336663653533366635623231303232313134
66646231326534653139353633306338346466353766373331326236376639646235
